0 0 2 400
0 0 0 0 1 2 3 4 5 6 7 8 9 10 11 12 13 14 15 16 17 18 19
1 0 100 0 0 独孤
篮子 283508
283508  283508 0 0 283508
503
 503 0 0 503
100
150
0
 1740 860 4260 1720 1560 1740 118  5 0 0 0 0 0 30 4012 20 40008 40016
 40409 0 0 40409
 60 0 0 60
 4179 0 -38 6741
 13350 0 2 13089
 63672 0 2 62424
 40016 0 0 40016
0 200 4 100 100
0

 0 0 0 0 0  0  0  0
0 0 0 0 0 0 0 0 0 0 0 0 0
0 0 0 0 125 0 125 0 0 0 0 0 1 2 0 0 0
0 0 0 0 0 0 0 0 0 0 0 0 0 0 0 0 0 0 0 0 0 0 0 0 0 0 0 0 0 0 0 0 0 0 0 90 0 0 0 0 0 0 0 0 0 0 0 0 0 0 0 0 0 0 0 0 0 0 0 0 0 0 0 0 0 0 0 0 0 0 0 0 0 0 0 0 0 0 0 0 0 0 0 0 0 0 0 0 0 0 0 0 0 0 0 0 0 0 0 0 0 0 0 0 0 0 0 0 0 0 0 0 0 0 0 0 0 0


0 0 0 0 -1 0
6 180 180 180 180 180 180 180
0
625 166494649 1999999999 0 0 125 0 125 100
 0 0 0 0 0 0 0 0
 0 0 0 0 0 0 0 0
43 13 43 0 43 43
10 164 163 162 166 160 161 156 154 155 159
 6 27 0 0 0  1 28 12 1 长安城 3 15 422 246  1 28 12 1 长安城 3 13 290 17  0  0  1 28 12 1 冯记铁铺 3 17 19 13  1 28 12 1 长安城 3 17 478 33  0  0  0  0  0  0  0  0  1 28 12 1 盘丝岭 3 18 181 113  1 28 12 1 长寿村服装店 3 20 18 9  1 28 12 1 长安城 3 18 494 141  0  0  0  0  0  0  0  0  0  0  0  0  0  0  0  0  0  0  0  0  0  0  0  0  0  0  0  0  0  0  0  0  0  0  0  0  0  0  0  0  0  0  1 15 16 0 14 0 43 9 27 28 4 0 9999 11 998 9 9997 8 9999  1 19 22 0 8 0 13 14 15 16 1 4 216  1 0 28 0 14 0 43 9 27 28 4 0 9999 11 998 9 9997 8 9999  1 17 16 0 8 0 0 22 23 24 1 2 262  1 20 22 0 14 0 43 9 27 28 4 0 9999 11 998 9 9997 8 9999  1 21 16 0 14 0 43 9 27 28 4 0 9999 11 998 9 9997 8 9999 -1
2
101
122  0 0 0 孤独求败
孤独求败 625
625  625 100 10 478
275
 275 0 10 250
0
150
10
 2443 2081 10684 6121 1865 1943 155  4 0 1 0 0 0 80 30 30 40 30
 229 0 10 209
 160 0 0 160
 110 0 0 110
 97 0 0 97
 66 0 20 55
 30 0 0 30
0 3045 4 0 100
13
5 7 15 24 34 36 40 75 76 78 81 82 100 
 0 1 1 0 0  0  0  0 
10 10 10 0 0 0 0 0 0 0 0 0 0 
0 0 0 0 50 0 50 0 0 0 0 0 1 5 5 0 0
0 0 0 20 20 0 0 0 0 0 0 0 55 0 0 0 30 0 30 0 25 0 0 0 0 0 0 0 0 15 0 0 0 0 0 0 0 0 0 0 0 0 0 0 0 0 0 3 0 0 0 3 0 30 0 30 0 0 0 0 0 0 30 0 0 0 0 0 0 0 0 0 0 0 0 0 0 0 0 0 0 0 0 0 0 0 20 0 0 0 0 0 0 0 0 0 0 30 0 0 0 0 0 0 0 0 0 0 0 0 0 0 0 0 0 0 0 0  0 0 


101
111  2 2  1  3 0 2 5  0  0  0 小凌
小凌 6557
6557  6612 180 42 4530
1704
 1719 0 18 1457
0
150
18
 1592 1313 7274 2134 1261 1213 101  4 0 1 0 0 0 995 197 197 394 197
 2552 0 10 2320
 2823 0 0 2823
 1121 0 6 1058
 921 0 0 921
 398 0 26 316
 197 0 0 197
1997 15731 2 0 100
13
5 7 15 24 34 36 40 75 76 78 81 82 100 
 0 1 0 1 0  1 32 15 0 10 0 -1 14 0 16 2 1 833 0 330  1 33 15 0 10 0 -1 14 0 16 2 5 68 4 50  1 34 15 0 10 0 -1 14 0 16 2 2 257 6 857 
18 18 18 170 0 0 0 0 0 0 0 0 0 
0 0 0 0 885 0 885 0 0 0 0 0 1 5 5 0 0
0 0 0 20 20 0 0 0 0 0 0 0 55 0 0 0 30 0 30 0 25 0 0 0 0 0 0 0 0 15 0 0 0 0 34 0 0 0 0 0 0 0 0 0 0 0 0 3 0 0 0 3 0 30 0 30 0 0 0 0 0 0 30 0 0 0 0 0 0 0 0 0 0 0 0 0 0 0 0 0 0 0 0 0 0 0 20 0 0 0 0 0 0 0 0 0 0 30 0 0 0 0 0 0 0 0 0 0 0 0 0 0 0 0 0 0 0 0  2 2 


0 0 2  3 0 0 1  1 31 8 0 1 0 4 
0 3 2 0 -1 -1 -1 -1 -1 -1 -1 -1 

1 0 100 6  1  4 5 3 3 0  0  0  0 凌儿
凌儿 246
246  246 0 0 246
96
 96 0 0 96
0
150
16
 1211 533 2055 1055 1306 1006 91  5 0 0 0 0 0 127 36 36 36 36
 197 0 0 197
 264 0 0 264
 110 0 0 110
 114 0 0 114
 55 0 0 55
 36 0 0 36
0 11231 3 100 100
0

 0 0 0 0 1  0  0  0 
0 0 0 0 0 0 0 0 0 0 0 0 0 
0 0 0 0 60 0 60 0 0 0 0 0 1 2 0 0 0
0 0 0 0 0 0 0 0 0 0 0 0 0 0 0 0 0 0 0 0 0 0 0 0 0 0 0 0 0 0 0 0 0 0 0 0 0 0 0 0 0 0 0 0 0 0 0 0 0 0 0 0 0 0 0 0 0 0 0 0 0 0 0 0 0 0 0 0 0 0 0 0 0 0 0 0 0 0 0 0 0 0 0 0 0 0 0 0 0 0 0 0 0 0 0 0 1 1 0 0 0 0 0 0 0 0 0 0 0 0 0 0 0 0 0 0 0 0 


0 0 0 0 -1 0
8 26 26 26 26 26 26 26 
0 
525 0 0 0 0 60 0 60 0
 0 0 0 0 0 0 0 0
 0 0 0 0 0 0 0 0
-1 -1 -1 -1 -1 -1 
2 80 83 
 30 22 2 0 0  30 22 12 0 0  30 22 19 0 0  30 22 26 0 0  30 22 40 0 0  30 22 44 0 0  30 22 49 0 0  30 22 54 0 0  900 25 0 0 0  0  0  0  0  0  0  0  0  0  0  0  0  0  0  0  0  0  0  0  0  0  0  0  0  0  0  0  0  0  0  0  0  0  0  0  0  0  0  0  0  0  0  0  0  0  0  0  0  0  0  0  1 16 0 0 10 0 -1 -1 -1 -1 2 2 5 3 14  1 19 0 0 8 0 -1 -1 -1 -1 1 4 21  1 7 28 0 0  1 18 0 0 8 0 -1 -1 -1 -1 1 2 12  1 20 0 0 10 0 -1 -1 -1 -1 2 2 10 6 30  1 21 0 0 10 0 -1 -1 -1 -1 2 2 9 5 5 2
3
101
113  3 3 0 凌
凌 2768
2768  2768 260 50 1672
287
 287 0 26 228
0
150
26
 1574 1344 7106 2100 1285 1297 102  4 0 1 0 0 0 280 46 46 102 46
 847 0 10 770
 1378 0 0 1378
 417 0 6 394
 260 0 0 260
 158 0 26 126
 46 0 0 46
0 45658 3 0 100
13
5 7 15 24 34 36 40 42 76 78 81 82 100 
 0 1 0 1 0  1 32 15 0 10 0 -1 14 0 16 2 1 818 0 342  1 33 15 0 10 0 -1 14 0 16 2 5 67 4 50  1 34 15 0 10 0 -1 14 0 16 2 2 252 6 864 
26 26 26 26 0 0 0 0 0 0 0 0 0 
0 0 0 0 130 0 130 0 0 0 0 0 1 5 5 0 0
0 0 0 20 20 0 0 0 0 0 0 0 55 0 0 0 30 0 30 0 25 0 0 0 0 0 20 0 0 15 0 0 0 0 7 0 0 0 0 0 0 0 0 0 0 0 0 3 0 0 0 3 0 30 0 30 0 0 0 0 0 0 30 0 0 0 0 0 0 0 0 0 0 0 0 0 0 0 0 0 0 0 0 0 0 0 0 0 0 0 0 0 0 0 0 0 0 30 0 0 0 0 0 0 0 0 0 0 0 0 0 0 0 0 0 0 0 0  3 3 


101
112  3 3 0 凌
凌 2780
2780  2780 260 50 1680
297
 297 0 26 236
0
150
26
 1530 1350 7152 2185 1225 1264 104  4 0 1 0 0 0 280 46 46 102 46
 838 0 10 762
 1416 0 0 1416
 432 0 6 408
 263 0 0 263
 158 0 26 126
 46 0 0 46
0 45658 3 0 100
13
5 7 15 24 34 36 40 75 76 78 81 82 100 
 0 1 0 1 0  1 32 15 0 10 0 -1 14 0 16 2 1 856 0 332  1 33 15 0 10 0 -1 14 0 16 2 5 70 4 52  1 34 15 0 10 0 -1 14 0 16 2 2 264 6 859 
26 26 26 26 0 0 0 0 0 0 0 0 0 
0 0 0 0 130 0 130 0 0 0 0 0 1 5 5 0 0
0 0 0 20 20 0 0 0 0 0 0 0 55 0 0 0 30 0 30 0 25 0 0 0 0 0 0 0 0 15 0 0 0 0 7 0 0 0 0 0 0 0 0 0 0 0 0 3 0 0 0 3 0 30 0 30 0 0 0 0 0 0 30 0 0 0 0 0 0 0 0 0 0 0 0 0 0 0 0 0 0 0 0 0 0 0 20 0 0 0 0 0 0 0 0 0 0 30 0 0 0 0 0 0 0 0 0 0 0 0 0 0 0 0 0 0 0 0  3 3 


101
112  3 3 0 凌
凌 1953
1953  1953 260 26 1344
286
 286 0 26 227
0
150
26
 1584 1361 7227 2094 1260 1209 102  4 0 1 0 0 0 280 46 46 102 46
 645 0 10 587
 981 0 0 981
 291 0 0 291
 239 0 0 239
 114 0 20 95
 46 0 0 46
0 45658 3 0 100
13
5 7 15 24 34 36 40 75 76 78 81 82 100 
 0 1 0 1 0  1 32 2 0 10 0 -1 -1 -1 -1 2 1 178 0 84  1 33 2 0 10 0 -1 -1 -1 -1 2 5 16 4 11  1 34 2 0 10 0 -1 -1 -1 -1 2 2 61 6 250 
26 26 26 26 0 0 0 0 0 0 0 0 0 
0 0 0 0 130 0 130 0 0 0 0 0 1 5 5 0 0
0 0 0 20 20 0 0 0 0 0 0 0 55 0 0 0 30 0 30 0 25 0 0 0 0 0 0 0 0 15 0 0 0 0 7 0 0 0 0 0 0 0 0 0 0 0 0 3 0 0 0 3 0 30 0 30 0 0 0 0 0 0 30 0 0 0 0 0 0 0 0 0 0 0 0 0 0 0 0 0 0 0 0 0 0 0 20 0 0 0 0 0 0 0 0 0 0 30 0 0 0 0 0 0 0 0 0 0 0 0 0 0 0 0 0 0 0 0  3 3 


0 1 0  2 2 1  1 31 0 0 0 3 
1 2 3 -1 -1 -1 -1 -1 -1 -1 -1 

1 0 100 7 0 紫菜
紫菜 2143
2143  2143 0 0 2143
400
 400 0 0 400
0
150
16
 1852 2026 99234 4130 1513 1513 162  0 0 1 4 0 0 46 40 100 52 36
 232 0 0 232
 137 0 0 137
 237 0 0 237
 163 0 0 163
 66 0 0 66
 36 0 0 36
0 11231 3 100 100
0

 0 0 0 0 1  0  0  0 
0 0 0 0 0 0 0 0 0 0 0 0 0 
0 0 0 0 80 0 80 0 0 0 0 0 1 2 0 0 0
0 0 0 0 0 0 1 0 0 0 0 0 0 0 0 0 0 0 0 0 0 0 0 0 0 0 0 0 0 0 0 0 0 0 0 0 0 0 0 0 0 0 0 0 0 0 0 0 0 0 0 0 2 0 0 0 0 0 0 0 0 0 0 0 0 0 0 0 0 0 0 0 0 0 0 0 0 0 0 0 0 0 0 0 0 0 0 0 0 0 0 0 2 2 0 0 0 0 0 0 0 0 0 0 0 0 0 0 0 0 0 0 0 0 0 0 0 0 


0 0 0 0 -1 0
5 26 26 26 26 26 26 26 
0 
620 0 0 0 0 80 0 80 0
 0 0 0 0 0 0 0 0
 0 0 0 0 0 0 0 0
-1 -1 -1 -1 -1 -1 
2 140 138 
 30 22 2 0 0  30 22 12 0 0  30 22 19 0 0  30 22 26 0 0  30 22 40 0 0  30 22 44 0 0  30 22 49 0 0  30 22 54 0 0  900 25 0 0 0  0  0  0  0  0  0  0  0  0  0  0  0  0  0  0  0  0  0  0  0  0  0  0  0  0  0  0  0  0  0  0  0  0  0  0  0  0  0  0  0  0  0  0  0  0  0  0  0  0  0  0  1 16 1 0 10 0 -1 -1 -1 -1 2 2 15 3 18  1 19 1 0 8 0 -1 -1 -1 -1 1 4 19  1 6 1 0 12 0 -1 -1 -1 -1 3 0 55 1 45 11 4  1 18 1 0 8 0 -1 -1 -1 -1 1 2 36  1 20 1 0 10 0 -1 -1 -1 -1 2 2 14 6 51  1 21 1 0 10 0 -1 -1 -1 -1 2 2 12 5 12 0
1
101
6  3 3 0 海毛虫
海毛虫 1118
1118  1118 260 26 681
165
 165 0 26 131
0
150
26
 1377 787 1784 1184 1262 912 65  4 0 1 0 0 0 280 46 46 102 46
 391 0 0 391
 802 0 0 802
 141 0 0 141
 211 0 0 211
 73 0 0 73
 46 0 0 46
0 45658 3 0 100
4
23 2 41 62 
 0 1 0 1 0  1 32 2 0 10 0 -1 -1 -1 -1 2 1 242 0 84  1 33 2 0 10 0 -1 -1 -1 -1 2 5 15 4 11  1 34 2 0 10 0 -1 -1 -1 -1 2 2 55 6 238 
26 26 26 26 0 0 0 0 0 0 0 0 0 
0 0 0 0 130 0 130 0 0 0 0 0 1 2 0 0 0
0 0 0 0 10 0 0 0 0 0 0 0 0 0 0 0 0 0 0 0 0 0 0 0 0 0 10 0 0 0 0 0 0 0 5 0 0 0 0 0 0 0 0 0 0 0 0 0 0 0 0 0 0 0 25 0 0 0 30 0 0 0 0 0 0 0 0 0 0 0 0 0 0 0 0 0 0 0 0 0 0 0 0 0 0 0 0 0 0 0 0 0 0 -30 0 0 0 0 0 0 0 0 0 0 0 0 0 0 0 0 0 0 0 0 0 0 0 0  3 3 


0 0 -1  0  0 0 
-1 -1 -1 -1 -1 -1 -1 -1 

1 0 100 8 0 敖白
敖白 598
598  598 0 0 598
372
 372 0 0 372
0
150
16
 1526 1578 6130 3930 1413 1513 142  0 0 1 4 0 0 46 36 100 52 36
 205 0 0 205
 137 0 0 137
 193 0 0 193
 171 0 0 171
 58 0 0 58
 36 0 0 36
0 11231 2 100 100
0

 0 0 0 0 1  0  0  0 
0 0 0 0 0 0 0 0 0 0 0 0 0 
0 0 0 0 80 0 80 0 0 0 0 0 1 2 0 0 0
0 0 0 0 0 0 0 0 0 0 0 0 0 0 0 0 0 0 0 0 0 0 0 0 0 0 0 0 0 0 0 0 0 0 0 0 0 0 0 0 0 0 0 0 0 0 0 0 0 0 0 0 0 0 0 0 0 0 0 0 0 0 0 0 0 0 0 0 0 0 0 0 0 0 0 0 0 0 0 0 0 0 0 0 0 0 0 0 0 0 0 0 0 0 0 0 2 2 0 0 0 0 0 0 0 0 0 0 0 0 0 0 0 0 0 0 0 0 


0 0 0 0 -1 0
8 26 26 26 26 26 26 26 
0 
620 0 0 0 0 80 0 80 0
 0 0 0 0 0 0 0 0
 0 0 0 0 0 0 0 0
-1 -1 19 -1 -1 -1 
2 80 83 
 30 22 2 0 0  30 22 12 0 0  30 22 19 0 0  30 22 26 0 0  30 22 40 0 0  30 22 44 0 0  30 22 49 0 0  30 22 54 0 0  900 25 0 0 0  0  0  0  0  0  0  0  0  0  0  0  0  0  0  0  0  0  0  0  0  0  0  0  0  0  0  0  0  0  0  0  0  0  0  0  0  0  0  0  0  0  0  0  0  0  0  0  0  0  0  0  1 15 1 0 10 0 -1 -1 -1 -1 2 2 12 3 21  1 19 1 0 8 0 -1 -1 -1 -1 1 4 32  1 5 1 0 10 0 19 -1 -1 -1 2 0 55 1 45  1 17 1 0 8 0 -1 -1 -1 -1 1 2 25  1 20 1 0 10 0 -1 -1 -1 -1 2 2 13 6 57  1 21 1 0 10 0 -1 -1 -1 -1 2 2 17 5 8 0
1
101
6  3 3 0 海毛虫
海毛虫 1048
1048  1048 260 26 626
168
 168 0 26 134
0
150
26
 1367 839 1722 1232 1279 895 61  4 0 1 0 0 0 280 46 46 102 46
 366 0 0 366
 751 0 0 751
 151 0 0 151
 215 0 0 215
 75 0 0 75
 46 0 0 46
0 45658 3 0 100
4
23 2 41 62 
 0 1 0 1 0  1 32 2 0 10 0 -1 -1 -1 -1 2 1 191 0 72  1 33 2 0 10 0 -1 -1 -1 -1 2 5 17 4 15  1 34 2 0 10 0 -1 -1 -1 -1 2 2 64 6 209 
26 26 26 26 0 0 0 0 0 0 0 0 0 
0 0 0 0 130 0 130 0 0 0 0 0 1 2 0 0 0
0 0 0 0 10 0 0 0 0 0 0 0 0 0 0 0 0 0 0 0 0 0 0 0 0 0 10 0 0 0 0 0 0 0 5 0 0 0 0 0 0 0 0 0 0 0 0 0 0 0 0 0 0 0 25 0 0 0 30 0 0 0 0 0 0 0 0 0 0 0 0 0 0 0 0 0 0 0 0 0 0 0 0 0 0 0 0 0 0 0 0 0 0 -30 0 0 0 0 0 0 0 0 0 0 0 0 0 0 0 0 0 0 0 0 0 0 0 0  3 3 


0 0 -1  0  0 0 
-1 -1 -1 -1 -1 -1 -1 -1 

1 0 100 0 0 怀念
怀念 546
546  546 0 0 546
240
 240 0 0 240
0
150
16
 1752 1578 11182 3052 1526 1526 152  4 1 0 0 0 0 110 52 36 36 36
 320 0 0 320
 265 0 0 265
 243 0 0 243
 140 0 0 140
 63 0 0 63
 36 0 0 36
0 11231 4 100 100
5
24 44 5 11 80 
 0 0 0 0 1  0  0  0 
0 0 0 0 0 0 0 0 0 0 0 0 0 
0 0 0 0 80 0 80 0 0 0 0 0 1 2 0 0 1
0 0 0 0 0 0 0 0 0 0 0 0 0 0 0 0 0 0 0 0 0 0 0 0 0 0 0 0 0 0 0 0 0 0 0 0 0 0 0 0 0 0 0 0 0 0 0 0 0 0 0 0 0 0 0 0 0 0 0 0 0 0 0 0 0 0 0 0 0 0 0 0 30 0 0 0 0 0 0 0 0 0 0 0 0 0 0 0 0 0 0 0 0 0 0 0 0 0 0 0 0 0 0 0 0 0 0 0 0 0 0 0 0 0 0 0 0 0 


0 0 0 0 -1 0
0 26 26 26 26 26 26 26 
0 
620 0 0 0 0 80 0 80 0
 0 0 0 0 0 0 0 0
 0 0 0 0 0 0 0 0
-1 -1 -1 -1 -1 15 
1 3 
 30 22 2 0 0  30 22 12 0 0  30 22 19 0 0  30 22 26 0 0  30 22 40 0 0  30 22 44 0 0  30 22 49 0 0  30 22 54 0 0  900 25 0 0 0  0  0  0  0  0  0  0  0  0  0  0  0  0  0  0  0  0  0  0  0  0  0  0  0  0  0  0  0  0  0  0  0  0  0  0  0  0  0  0  0  0  0  0  0  0  0  0  0  0  0  0  1 15 1 0 10 0 -1 -1 -1 -1 2 2 17 3 24  1 19 1 0 8 0 -1 -1 -1 -1 1 4 25  1 0 1 0 10 0 -1 -1 -1 -1 2 0 55 1 45  1 17 1 0 8 0 -1 -1 -1 -1 1 2 41  1 20 1 0 10 0 -1 -1 -1 -1 2 2 10 6 40  1 21 1 0 10 0 15 -1 -1 -1 2 2 12 5 9 0
1
101
6  3 3 0 海毛虫
海毛虫 1135
1135  1135 260 26 695
160
 160 0 26 127
0
150
26
 1297 817 1929 1151 1307 967 63  4 0 1 0 0 0 280 46 46 102 46
 387 0 0 387
 780 0 0 780
 160 0 0 160
 212 0 0 212
 79 0 0 79
 46 0 0 46
0 45658 3 0 100
4
23 2 41 62 
 0 1 0 1 0  1 32 2 0 10 0 -1 -1 -1 -1 2 1 220 0 93  1 33 2 0 10 0 -1 -1 -1 -1 2 5 19 4 13  1 34 2 0 10 0 -1 -1 -1 -1 2 2 73 6 260 
26 26 26 26 0 0 0 0 0 0 0 0 0 
0 0 0 0 130 0 130 0 0 0 0 0 1 2 0 0 0
0 0 0 0 10 0 0 0 0 0 0 0 0 0 0 0 0 0 0 0 0 0 0 0 0 0 10 0 0 0 0 0 0 0 5 0 0 0 0 0 0 0 0 0 0 0 0 0 0 0 0 0 0 0 25 0 0 0 30 0 0 0 0 0 0 0 0 0 0 0 0 0 0 0 0 0 0 0 0 0 0 0 0 0 0 0 0 0 0 0 0 0 0 -30 0 0 0 0 0 0 0 0 0 0 0 0 0 0 0 0 0 0 0 0 0 0 0 0  3 3 


0 0 -1  0  0 0 
-1 -1 -1 -1 -1 -1 -1 -1 


下面保存任务

0 

0 

0 

0 

1 2007 0 38
镇塔之神
大雁塔七层


地图trigger 0 

1 2009 0 1 20 

0 
-1 
1 
主线
爬上塔7
0 2007 0 0
////////////////保存剧情
0 
0 
-1 
-1 
0 
保存好友列表
6

 0 0 0 0 0 燕子 燕子2 0 100 6 -1 -1 0 29999999 1 0  0 1 2  0 1  1 大海龟 3 61 37 73 0  0 0 5 0 0 0  863 531 2571 1013 534 595 64 0 
0

 0 0 0 0 0 铃儿 铃儿 0 100 6 -1 -1 0 29999699 1 0  2 0 0 1 2  0 1  113 玲 13 5 7 15 24 34 36 40 42 76 78 81 82 100 100  4 0 1 0 0 0  1512 1378 7394 2173 1213 1290 103 0 
0

 0 0 0 0 0 凌儿 凌儿 0 100 6 7 28 0 29997599 1 0  2 2 1 1 0  3 1 2 3 1  112 凌 13 5 7 15 24 34 36 40 75 76 78 81 82 100 100  4 0 1 0 0 0  1584 1361 7227 2094 1260 1209 102 0 
0

 0 0 0 0 0 紫菜 紫菜 0 100 7 -1 -1 0 29999999 0 -1  0 0 -1  0 1  6 海毛虫 4 23 2 41 62 0  4 0 1 0 0 0  1377 787 1784 1184 1262 912 65 0 
0

 0 0 0 0 0 敖白 敖白 0 100 8 -1 -1 0 29999999 0 -1  0 0 -1  0 1  6 海毛虫 4 23 2 41 62 0  4 0 1 0 0 0  1367 839 1722 1232 1279 895 61 0 
0

 0 0 0 0 0 怀念 怀念 0 100 0 -1 -1 0 29999999 0 -1  0 0 -1  0 1  6 海毛虫 4 23 2 41 62 0  4 0 1 0 0 0  1297 817 1929 1151 1307 967 63 0 
0

0 0  0  1039 管家 0 11 9 0 
0  家具 0 0 11 
0  -1 0 0  -1 0 
-1 
-1
全局变量
80 1000 0 0 0 0 0 0 0 0 0 0 0 0 200 200 0 0 0 0 0 0 0 0 0 0 0 0 0 0 0 
0 0 0 0 0 0 0 0 0 0 0 0 0 0 0 0 0 0 0 0 0 0 0 0 0 0 0 0 0 0 0 0 0 0 0 0 0 0 0 0 0 0 0 0 0 0 0 0 0 0 0 0 0 0 0 0 0 0 0 0 0 0 0 0 0 0 0 0 0 0 0 0 0 0 0 0 0 0 0 0 0 0 0 0 0 0 0 0 0 0 0 0 0 0 0 0 0 0 0 0 0 0 0 0 0 0 0 0 0 0 0 0 0 0 0 0 0 0 0 0 0 0 0 0 0 0 0 0 0 0 0 0 0 0 0 0 0 0 0 0 0 0 0 0 0 0 0 0 0 0 0 0 0 0 0 0 0 0 0 0 0 0 0 0 0 0 0 0 0 0 0 0 0 0 0 0 0 0 0 0 0 0 0 0 0 0 0 0 0 0 0 0 0 0 0 0 0 0 0 0 0 0 0 0 0 0 0 0 0 0 0 0 0 0 0 0 0 0 0 0 0 0 0 0 0 

冯记铁铺 26 13 
0 0 0 0
