0 0 2 400 
0 0 0 0 1 2 3 4 5 6 7 8 9 10 11 12 13 14 15 16 17 18 19 
1 0 100 0 0 篮子
篮子 120
120  120 0 0 120
20
 20 0 0 20
0
150
0
 1200 500 3000 1000 1200 1200 100  5 0 0 0 0 0 30 20 20 20 20
 30 0 0 30
 60 0 0 60
 26 0 0 26
 36 0 0 36
 24 0 0 24
 20 0 0 20
0 200 4 100 100
0

 0 0 0 0 0  0  0  0 
0 0 0 0 0 0 0 0 0 0 0 0 0 
0 0 0 0 0 0 0 0 0 0 0 0 1 2 0 0 0
0 0 0 0 0 0 0 0 0 0 0 0 0 0 0 0 0 0 0 0 0 0 0 0 0 0 0 0 0 0 0 0 0 0 0 0 0 0 0 0 0 0 0 0 0 0 0 0 0 0 0 0 0 0 0 0 0 0 0 0 0 0 0 0 0 0 0 0 0 0 0 0 0 0 0 0 0 0 0 0 0 0 0 0 0 0 0 0 0 0 0 0 0 0 0 0 0 0 0 0 0 0 0 0 0 0 0 0 0 0 0 0 0 0 0 0 0 0 